26

53 66 66 66 66 53 53 53 53 53 73 53 53 53 66 53 53 53 53 85 73 73 73 73 53 53
66 53 66 66 66 53 53 53 53 53 53 73 53 53 66 53 53 53 53 73 85 73 73 73 53 53
66 66 53 66 66 53 53 53 53 53 53 53 73 53 66 53 53 53 53 73 73 85 73 73 53 53
66 66 66 53 66 53 53 53 53 53 53 53 53 73 73 53 53 53 53 73 73 73 85 85 53 53
66 66 66 66 53 53 53 53 53 53 53 53 53 53 73 53 53 53 53 73 73 73 85 85 53 53
53 53 53 53 53 53 66 66 66 66 53 53 53 53 53 73 73 53 53 53 53 53 53 53 85 85
53 53 53 53 53 66 53 66 66 66 53 53 53 53 53 73 73 53 53 53 53 53 53 53 85 85
53 53 53 53 53 66 66 53 66 66 53 53 53 53 53 66 53 73 53 53 53 53 53 53 73 73
53 53 53 53 53 66 66 66 53 66 53 53 53 53 53 66 53 53 73 53 53 53 53 53 73 73
53 53 53 53 53 66 66 66 66 53 53 53 53 53 53 66 53 53 53 53 53 53 53 53 73 73
66 66 66 66 66 53 53 53 53 53 53 53 53 53 66 53 53 53 53 73 73 73 73 73 53 53
66 66 66 66 66 53 53 53 53 53 53 53 53 53 66 53 53 53 53 73 73 73 73 73 53 53
66 66 66 66 66 53 53 53 53 53 53 53 53 53 66 53 53 53 53 73 73 73 73 73 53 53
66 66 66 66 66 53 53 53 53 53 53 53 53 53 66 53 53 53 53 73 73 73 73 73 53 53
66 66 66 66 66 53 53 53 53 53 53 53 53 66 53 53 53 53 53 73 73 73 73 73 53 53
53 53 53 53 53 66 66 66 66 66 53 53 53 53 53 53 66 53 53 53 53 53 53 53 73 73
53 53 53 53 53 66 66 66 66 66 53 53 53 53 53 66 53 53 53 53 53 53 53 53 73 73
53 53 53 53 53 66 66 66 66 66 53 53 53 53 53 66 53 53 53 53 53 53 53 53 73 73
53 53 53 53 53 66 66 66 66 66 53 53 53 53 53 66 53 53 53 53 53 53 53 53 73 73
85 66 66 66 66 53 53 53 53 53 66 53 53 53 66 53 53 53 53 53 73 73 73 73 53 53
66 85 66 66 66 53 53 53 53 53 53 66 53 53 66 53 53 53 53 73 53 73 73 73 53 53
66 66 85 66 66 53 53 53 53 53 53 53 66 53 66 53 53 53 53 73 73 53 73 73 53 53
66 66 66 85 85 53 53 53 53 53 53 53 53 66 66 53 53 53 53 73 73 73 53 66 53 53
66 66 66 85 85 53 53 53 53 53 53 53 53 66 66 53 53 53 53 73 73 73 66 53 53 53
53 53 53 53 53 85 85 66 66 66 53 53 53 53 53 66 66 53 53 53 53 53 53 53 53 66
53 53 53 53 53 85 85 66 66 66 53 53 53 53 53 66 66 53 53 53 53 53 53 53 66 53

 47 348  316   74   12 181  338  309   35  3  84 714 367 1153   7  71 0  687  432  507 975 38   6  8  7  15
175   9    0    4 1300  12   